0,0.0077833789404545,0,0.00828013945757097
0.0665555500000004,0.0056583018594545,9.9999999999989e-05,0.00826871114357097
0.0666555500000001,0.0050782968134545,0.0666555554999999,0.00771601710757097
0.13322222,0.0050778007614545,0.0667555554999999,0.00668737381157097
0.13332222,0.0020740414244545,0.1333111111,0.00519938712657097
0.199877770000001,0.0016397658514545,0.1334111111,0.00342832806857097
0.19997777,-0.000587117301245502,0.1999666666,0.00138489097757097
0.266533330000001,-0.0025946452045455,0.2000666666,-0.000835237708060029
0.266633330000001,-0.0046504782315455,0.2333,-0.00289267335042903
0.299866660000001,-0.0066696241715455,0.2999555555,-0.00484624288842903
0.36652222,-0.0081700817595455,0.3000555555,-0.00641958268742903
0.43327777,-0.0091961366515455,0.3666111112,-0.00762943873242903
0.499833330000001,-0.0056034404255455,0.3667111112,-0.00837871246942903
0.499933330000001,-0.0056034404255455,0.4332777782,-0.00856491408342903
0.566488880000001,-0.0056034404255455,0.4333777782,-0.00819055093742903
0.566588880000001,-0.0017417123445455,0.4999333332,-0.00736323323342903
0.633144440000001,-0.0032774358485455,0.5000333332,-0.00605022749042903
0.63324444,-0.0013945198355455,0.5665888892,-0.00447565234642903
0.699811110000001,0.000262616495254498,0.5666888892,-0.00251142180042903
0.69991111,0.0036803831204545,0.6332444442,-0.000472580633429029
0.766466660000001,0.0053907743334545,0.6333444442,0.00157485233657097
0.766566660000001,0.0047440106384545,0.6999000002,0.00344395973957097
0.83312222,0.0054051601744545,0.7000000002,0.00511525859657097
0.833222220000001,0.0077528701944545,0.7665555552,0.00649808049557097
0.89977777,0.0077914874754545,0.7666555552,0.00743464840557097
0.899877770000002,0.0050625516474545,0.8332222222,0.00789391837157097
0.966433330000001,0.0043104854084545,0.8333222222,0.00781344537357097
0.966533330000001,0.0039062488834545,0.8998777782,0.00723572698457097
1.03308888,0.0026465951524545,0.8999777782,0.00620778784957097
1.03318888,-0.0015077184565455,0.9665333332,0.00474383432657097
1.09975555,-0.0012208079510455,0.9666333332,0.00296950636457097
1.09985555,-0.0050841149855455,1.0331888892,0.000922272838570971
1.16641111,-0.0067311326745455,1.0332888892,-0.00113174951232903
1.16651111,-0.0080415976575455,1.0998444442,-0.00316180732142903
1.23306666,-0.0068010895605455,1.0999444442,-0.00493959269942903
1.23316666,-0.0088608514205455,1.1665111112,-0.00652433592542903
1.2664,-0.0083862651545455,1.1666111112,-0.00762894246242903
1.33305555,-0.0084629997185455,1.1998333332,-0.00827609859642903
1.33315555,-0.0061587710135455,1.2664888892,-0.00838783658142903
1.39971111,-0.0062515345155455,1.2665888892,-0.00800858165742903
1.39981111,-0.0052767104215455,1.3331444442,-0.00708248920642903
1.46636666,-0.0013245623565455,1.3332444442,-0.00577973323042903
1.46646666,0.000317407484954498,1.3998111112,-0.00419437368042903
1.53302222,0.0013840660764545,1.3999111112,-0.00233388429842903
1.53312222,0.0037920917764545,1.4664666662,-0.000378859087229029
1.59967777,0.0055137068594545,1.4665666662,0.00165975667057097
1.59977777,0.0049534945484545,1.5331222222,0.00352568785357097
1.66634444,0.0052507163074545,1.5332222222,0.00511054374457097
1.66644444,0.0060161508924545,1.5997777782,0.00641111848557097
1.733,0.0076896876464545,1.5998777782,0.00724805044957097
1.7331,0.0070824053454545,1.6664333332,0.00762885856557097
1.79965555,0.0056291142624545,1.6665333332,0.00752790766557097
1.79975555,0.0026362293104545,1.7330888892,0.00695925013857097
1.86631111,0.0027327551524545,1.7331888892,0.00586290706057097
1.86641111,-0.0010324437703455,1.7997555552,0.00437376215257097
1.93296666,-0.0010324859012455,1.7998555552,0.00268466292757097
1.93306666,-0.0025771973485455,1.8664111112,0.000737883814570971
1.99963333,-0.0042184485265455,1.8665111112,-0.00131310135812903
1.99973333,-0.0070182162205455,1.9330666662,-0.00325620513842903
2.06628888,-0.0077771367325455,1.9331666662,-0.00493670369142903
2.06638888,-0.0079061831625455,1.9997222222,-0.00634640527442903
2.13294444,-0.0075960519625455,1.9998222222,-0.00736077231742903
2.13304444,-0.0070173117355455,2.0663777782,-0.00791600799042903
2.1996,-0.0058590489925455,2.0664777782,-0.00800910980242903
2.1997,-0.0064229664175455,2.1330333332,-0.00755413680542903
2.23293333,-0.0047016812435455,2.1331333332,-0.00661605223942903
2.29958888,-0.0031613731315455,2.1663666662,-0.00531399228242903
2.29968888,-0.0015151379505455,2.2330222222,-0.00373825642342903
2.36624444,0.0021570807894545,2.2331222222,-0.00195505899342903
2.36634444,0.0030223364644545,2.2996777782,-1.34964386290293e-05
2.4329,0.0049531803594545,2.2997777782,0.00194466747057097
2.433,0.0051490725444545,2.3663444442,0.00370891204857097
2.49955555,0.0063047465404545,2.3664444442,0.00527965210057097
2.49965555,0.0061630944544545,2.4330000002,0.00640685503957097
2.56622222,0.0068971316374545,2.4331000002,0.00725585227857097
2.56632222,0.0055382456544545,2.4996555552,0.00753686079957097
2.63287777,0.0050534326594545,2.4997555552,0.00743027427757097
2.63297777,0.0033143686424545,2.5663111112,0.00678417370657097
2.69953333,0.0022515904954545,2.5664111112,0.00574979188657097
2.69963333,0.000127129947554498,2.6329666662,0.00427206399257097
2.76618888,-0.0014296718885455,2.6330666662,0.00258687346957097
2.76628888,-0.0050819049855455,2.6996222222,0.000651809409570971
2.83284444,-0.0065664478145455,2.6997222222,-0.00130583955002903
2.83294444,-0.0077403909215455,2.7662888892,-0.00308811373342903
2.8995,-0.0086535921875455,2.7663888892,-0.00474740342242903
2.8996,-0.0078212520525455,2.8329444442,-0.00613162830242903
2.96616666,-0.0073327108125455,2.8330444442,-0.00706859573042903
2.96626666,-0.0068581420135455,2.8996000002,-0.00754395116942903
3.03282222,-0.0059748615055455,2.8997000002,-0.00754438065442903
3.03292222,-0.0047573896925455,2.9662555552,-0.00707553554042903
3.09947777,-0.0048977448595455,2.9663555552,-0.00614881535242903
3.09957777,-0.0016053905085455,3.0329111112,-0.00484604235942903
3.16613333,-0.000230388441925502,3.0330111112,-0.00326439404042903
3.16623333,0.0019583803274545,3.0995777782,-0.00150179413812903
3.19946666,0.0016637936614545,3.0996777782,0.000367414833570971
3.26612222,0.0045679921304545,3.1329000002,0.00223470254657097
3.26622222,0.0058240210084545,3.1995555552,0.00397452798757097
3.33277777,0.0058271370054545,3.1996555552,0.00540118401057097
3.33287777,0.0069808356544545,3.2662222222,0.00650393724657097
3.39943333,0.0067913949074545,3.2663222222,0.00724874587857097
3.39953333,0.0046764802224545,3.3328777782,0.00752762821757097
3.46608888,0.0051029081614545,3.3329777782,0.00733845066557097
3.46618888,0.0024111017984545,3.3995333332,0.00669527075157097
3.53275555,0.0024587847674545,3.3996333332,0.00565473619357097
3.53285555,-0.000734007021945502,3.4661888892,0.00419345210357097
3.59941111,-0.000834001979145502,3.4662888892,0.00251579811957097
3.59951111,-0.0044999379055455,3.5328444442,0.000662506870570971
3.66606666,-0.0046014373125455,3.5329444442,-0.00122023235442903
3.66616666,-0.0056649482875455,3.5995000002,-0.00298746268142903
3.73272222,-0.0079696454395455,3.5996000002,-0.00455593336242903
3.73282222,-0.0085383359415455,3.6661666662,-0.00579157313442903
3.79937777,-0.0066317953805455,3.6662666662,-0.00661589075642903
3.79947777,-0.0061491754775455,3.7328222222,-0.00707618097142903
3.86603333,-0.0051838165865455,3.7329222222,-0.00706716095342903
3.86613333,-0.0040253401945455,3.7994777782,-0.00651676382142903
3.9327,-0.0025771978785455,3.7995777782,-0.00558609213842903
3.9328,-0.0027703139835455,3.8661333332,-0.00429593764742903
3.99935555,-0.0012415886919455,3.8662333332,-0.00279089145242903
3.99945555,0.0021542723744545,3.9327888892,-0.00103789438402903
4.06601111,0.0038917856714545,3.9328888892,0.000742644362570971
4.06611111,0.0043776443384545,3.9994444442,0.00258683949957097
4.13266666,0.0058338463344545,3.9995444442,0.00417203794957097
4.13276666,0.0067049616364545,4.0661111112,0.00557248534157097
4.166,0.0066999562494545,4.0662111112,0.00668562290657097
4.23265555,0.0064953496444545,4.0994333332,0.00734855633357097
4.23275555,0.0061246193374545,4.1660888892,0.00753128561857097
4.29931111,0.0049489159884545,4.1661888892,0.00733703439457097
4.29941111,0.0040822963524545,4.2327555552,0.00668298405157097
4.36596666,0.0023393562634545,4.2328555552,0.00557457421357097
4.36606666,-0.000936583397745502,4.2994111112,0.00417902602357097
4.43262222,-0.000839848693645502,4.2995111112,0.00250459329457097
4.43272222,-0.0034464144525455,4.3660666662,0.000733986833570971
4.49928888,-0.0047979525345455,4.3661666662,-0.00111789940922903
4.49938888,-0.0060403974505455,4.4327222222,-0.00280325179242903
4.56594444,-0.0068299140785455,4.4328222222,-0.00428780617042903
4.56604444,-0.0074051228025455,4.4993777782,-0.00547395370242903
4.6326,-0.0074049112785455,4.4994777782,-0.00625641564542903
4.6327,-0.0064404807505455,4.5660333332,-0.00661338225942903
4.69925555,-0.0056670669035455,4.5661333332,-0.00651672267042903
4.69935555,-0.0045084076505455,4.6327000002,-0.00597339924242903
4.76591111,-0.0048945020885455,4.6328000002,-0.00504024301142903
4.76601111,-0.0017085115325455,4.6993555552,-0.00374025957742903
4.83256666,-0.000839583411745502,4.6994555552,-0.00224532384142903
4.83266666,0.0017671159014545,4.7660111112,-0.000558552895529029
4.89923333,0.0011878855214545,4.7661111112,0.00121018524557097
4.89933333,0.0026427192234545,4.8326666662,0.00289066256757097
4.96588888,0.0041841373404545,4.8327666662,0.00446920299357097
4.96598888,0.0056289197504545,4.8993222222,0.00576370143057097
5.03254444,0.0057728103234545,4.8994222222,0.00676965333357097
5.03264444,0.0057241804184545,4.9659777782,0.00735057202057097
5.0992,0.0052418297524545,4.9660777782,0.00752645304957097
5.0993,0.0037939311824545,5.0326444442,0.00724301655557097
5.13253333,0.0016704520244545,5.0327444442,0.00651343399057097
5.19918888,0.0013839145374545,5.0659666662,0.00548091061457097
5.19928888,-0.0014073988135455,5.1326222222,0.00407763466657097
5.26584444,-0.0017761633615455,5.1327222222,0.00241915149257097
5.26594444,-0.0029684062255455,5.1992888892,0.000652843324570971
5.3325,-0.0042217068565455,5.1993888892,-0.00103990998872903
5.3326,-0.0071898225455455,5.2659444442,-0.00269908894242903
5.39915555,-0.0080598962905455,5.2660444442,-0.00409503366642903
5.39925555,-0.0062513916985455,5.3326000002,-0.00521702632642903
5.46582222,-0.0062509149165455,5.3327000002,-0.00594764785142903
5.46592222,-0.0057737220975455,5.3992555552,-0.00624090178042903
5.53247777,-0.0049921187915455,5.3993555552,-0.00614353876642903
5.53257777,-0.0038352208605455,5.4659111112,-0.00558741706542903
5.59913333,-0.0024813177925455,5.4660111112,-0.00465336515942903
5.59923333,-0.0028718287545455,5.5325666662,-0.00335747143642903
5.66578888,-0.000453216301245502,5.5326666662,-0.00186766384542903
5.66588888,0.0018637963614545,5.5992333332,-0.000209252321529029
5.73244444,0.0036048875594545,5.5993333332,0.00147608410257097
5.73254444,0.0024597287864545,5.6658888892,0.00313695988857097
5.79911111,0.0055324302354545,5.6659888892,0.00463035857057097
5.79921111,0.0055928079534545,5.7325444442,0.00586135077457097
5.86576666,0.0046732950694545,5.7326444442,0.00677423388257097
5.86586666,0.0045923508464545,5.7992000002,0.00726233038157097
5.93242222,0.0053420181444545,5.7993000002,0.00735377432157097
5.93252222,0.0038930020754545,5.8658555552,0.00706389264357097
5.99907777,0.0035997361854545,5.8659555552,0.00632251628657097
5.99917777,0.000419358138054498,5.9325222222,0.00520424671457097
6.06573333,0.000706272662454498,5.9326222222,0.00380229465957097
6.06583333,-0.0015145412015455,5.9991777782,0.00222281914357097
6.09906666,-0.0023865560235455,5.9992777782,0.000538908828570971
6.16572222,-0.0036971535655455,6.0325000002,-0.00120026687662903
6.16582222,-0.0046080617335455,6.0991555552,-0.00271038811742903
6.23237777,-0.0052826181835455,6.0992555552,-0.00402637653942903
6.23247777,-0.0056387034525455,6.1658222222,-0.00504839086642903
6.29903333,-0.0055737278065455,6.1659222222,-0.00570233717942903
6.29913333,-0.0051863470585455,6.2324777782,-0.00595948274842903
6.36568888,-0.0044132372665455,6.2325777782,-0.00578458368842903
6.36578888,-0.0035438177395455,6.2991333332,-0.00521607827942903
6.43235555,-0.0022884408805455,6.2992333332,-0.00428521718842903
6.43245555,-0.0015158839315455,6.3657888892,-0.00307357548442903
6.49901111,0.000704802770454498,6.3658888892,-0.00158557137592903
6.49911111,0.000418247124754498,6.4324444442,-6.08043152902919e-06
6.56566666,0.0033116621324545,6.4325444442,0.00166817957757097
6.56576666,0.0037944415464545,6.4991111112,0.00323677122457097
6.63232222,0.0051460806674545,6.4992111112,0.00464638735057097
6.63242222,0.0036014221584545,6.5657666662,0.00583423244657097
6.69897777,0.0037446471274545,6.5658666662,0.00661141787757097
6.69907777,0.0037929513474545,6.6324222222,0.00706460322957097
6.76564444,0.0053381893834545,6.6325222222,0.00708829848557097
6.76574444,0.0040834411084545,6.6990777782,0.00669833873257097
6.8324,0.0018493135104545,6.6991777782,0.00595045995457097
6.89895555,-0.000560319809345502,6.7657333332,0.00483066148157097
6.89905555,-0.0030674826135455,6.7658333332,0.00343396666657097
6.96561111,-0.0043205573735455,6.8323888892,0.00185346545457097
6.96571111,-0.0054770162455455,6.8324888892,0.000185270586570971
7.03226666,-0.0063451373615455,6.8990555552,-0.00140096624632903
7.03236666,-0.0072132049615455,6.8991555552,-0.00289574698842903
7.0656,-0.0076953334335455,6.9657111112,-0.00419133771242903
7.13225555,-0.0076894629155455,6.9658111112,-0.00513521822842903
7.13235555,-0.0073084813595455,6.9990333332,-0.00575155445742903
7.19891111,-0.0065347741965455,7.0656888892,-0.00595114092842903
7.19901111,-0.0054738436285455,7.0657888892,-0.00575853076242903
7.26556666,-0.0023843610105455,7.1323555552,-0.00512502624842903
7.26566666,-0.0017085655135455,7.1324555552,-0.00419108800242903
7.33223333,-0.0011291588220455,7.1990111112,-0.00297484640142903
7.33233333,0.0014775620624545,7.1991111112,-0.00158097206752903
7.39888888,0.0032081886914545,7.2656666662,-1.21951631290293e-05
7.39898888,0.0023471672374545,7.2657666662,0.00157010297457097
7.46554444,0.0050368058134545,7.3323222222,0.00306959332357097
7.46564444,0.0053392901444545,7.3324222222,0.00444088417457097
7.5322,0.0054358333464545,7.3989777782,0.00547946959657097
7.5323,0.0053429555224545,7.3990777782,0.00623312070757097
7.59885555,0.0042773149214545,7.4656333332,0.00660662747757097
7.59895555,0.0026360804874545,7.4657333332,0.00660032283157097
7.66551111,0.0022499076794545,7.5323000002,0.00613086442157097
7.66561111,0.0016706484664545,7.5324000002,0.00539034911257097
7.73217777,-0.0019861419075455,7.5989555552,0.00426981921057097
7.73227777,-0.0013221907955455,7.5990555552,0.00287763082157097
7.79883333,-0.0043150300585455,7.6656111112,0.00129239934857097
7.79893333,-0.0054261742115455,7.6657111112,-0.000286875764429029
7.86548888,-0.0063439348915455,7.7322666662,-0.00185796621942903
7.86558888,-0.0070925951875455,7.7323666662,-0.00326931208442903
7.93214444,-0.0052828831435455,7.7989222222,-0.00446854247242903
7.93224444,-0.0050890021225455,7.7990222222,-0.00539887649442903
7.9988,-0.0049919592405455,7.8655888892,-0.00594811739042903
7.9989,-0.0040277741065455,7.8656888892,-0.00605854043142903
8.03213333,-0.0046175438075455,7.9322444442,-0.00586880724842903
8.09878888,-0.0033092790065455,7.9323444442,-0.00521492343642903
8.09888888,-0.000359350599055502,7.9655666662,-0.00427786648142903
8.16544444,0.000606898215754498,8.0322222222,-0.00307009501742903
8.16554444,0.0023452364574545,8.0323222222,-0.00168933589752903
8.2321,0.0031179593274545,8.0988888892,-0.000190941469129029
8.2322,0.0044740637044545,8.0989888892,0.00138574536457097
8.29876666,0.0049356642854545,8.1655444442,0.00278183182657097
8.29886666,0.0053366032724545,8.1656444442,0.00408595283057097
8.36542222,0.0054340364054545,8.2322000002,0.00501568590457097
8.36552222,0.0054345697254545,8.2323000002,0.00575401830357097
8.43207777,0.0042764088524545,8.2988555552,0.00603033528857097
8.43217777,0.0040835926974545,8.2989555552,0.00595069701757097
8.49873333,0.0027321799594545,8.3655111112,0.00548418345557097
8.49883333,0.0016154175444545,8.3656111112,0.00465360025357097
8.56538888,-0.000262069427005502,8.4321777782,0.00352896049257097
8.56548888,-0.0011304450892455,8.4322777782,0.00222054736757097
8.63204444,-0.0019989729875455,8.4988333332,0.000648710215570971
8.63214444,-0.0030606950975455,8.4989333332,-0.000851313074609029
8.69871111,-0.0039294144655455,8.5654888892,-0.00234615382642903
8.69881111,-0.0045085183495455,8.5655888892,-0.00373293414942903
8.76536666,-0.0050753632925455,8.6321444442,-0.00485412629042903
8.76546666,-0.0063436128555455,8.6322444442,-0.00567923719942903
8.83202222,-0.0057640535115455,8.6988000002,-0.00615423199242903
8.83212222,-0.0041225960255455,8.6989000002,-0.00625093134842903
8.89867777,-0.0034466291805455,8.7654555552,-0.00596650277642903
8.89877777,-0.0015119721025455,8.7655555552,-0.00532161541842903
8.96533333,-0.000453561210445502,8.8321222222,-0.00438411000042903
8.96543333,-0.0011293030280455,8.8322222222,-0.00317995289542903
8.99866666,0.0022497676794545,8.8987777782,-0.00177613550352903
9.06532222,0.0030151833664545,8.8988777782,-0.000298667905829029
9.06542222,0.0022239692194545,8.9321000002,0.00111457218057097
9.13197777,0.0049360457304545,8.9987666662,0.00250131872257097
9.13207777,0.0050546370344545,8.9988666662,0.00370141152457097
9.19863333,0.0052171034394545,9.0654222222,0.00464333419057097
9.19873333,0.0043796748774545,9.0655222222,0.00520620809157097
9.2653,0.0042842527784545,9.1320777782,0.00547945691357097
9.2654,0.0028328419744545,9.1321777782,0.00539242121257097
9.33195555,0.0023841578404545,9.1987333332,0.00491700406957097
9.33205555,0.000134941532454498,9.1988333332,0.00408052711257097
9.39861111,-0.000163723039245502,9.2653888892,0.00295816512657097
9.39871111,-0.0031565775845455,9.2654888892,0.00165937910157097
9.46526666,-0.0023991373965455,9.3320444442,0.000179876041570971
9.46536666,-0.0034478809855455,9.3321444442,-0.00131151720682903
9.53192222,-0.0043146905155455,9.3987111122,-0.00279341263942903
9.53202222,-0.0047972405555455,9.3988111122,-0.00401432488742903
9.59857777,-0.0052802915395455,9.4653666622,-0.00511981950642903
9.59867777,-0.0060600232095455,9.4654666622,-0.00586376263442903
9.66524444,-0.0058614886575455,9.5320222222,-0.00623476510742903
9.66534444,-0.0052817212815455,9.5321222222,-0.00633378078042903
9.7319,-0.0043159261165455,9.5986777822,-0.00596505036642903
9.732,-0.0034088718715455,9.5987777822,-0.00531436237642903
9.79855555,-0.0022900255345455,9.6653333322,-0.00437943517242903
9.79865555,0.000317353405454498,9.6654333322,-0.00317711871342903
9.86521111,0.0019590655304545,9.7319888922,-0.00178826838872903
9.86531111,0.0029248516534545,9.7320888922,-0.000369323008429029
9.93186666,0.0020561880374545,9.7986555522,0.00101620043357097
9.93196666,0.0039872149894545,9.7987555522,0.00231824799757097
9.9652,0.0029470028464545,9.8653111122,0.00344056841157097
10.03185555,0.0044690203664545,9.8654111122,0.00427209631857097
10.03195555,0.0044693992154545,9.8986333322,0.00483003510757097
10.09851111,0.0031180716054545,9.9653000022,0.00502659299557097
10.09861111,0.0031182728784545,9.9654000022,0.00483128814257097
10.16516666,0.0024831904984545,10.0319555522,0.00436276577457097
10.16526666,0.000413640917154498,10.0320555522,0.00352598790057097
10.23183333,2.8012569154498e-05,10.0986111122,0.00241291663857097
10.23193333,-0.000937054727445502,10.0987111122,0.00110736192257097
10.29848888,-0.0019987353505455,10.1652666622,-0.000279819660929029
10.29858888,-0.0030605053585455,10.1653666622,-0.00169727092142903
10.36514444,-0.0037361712265455,10.2319222222,-0.00306956251142903
10.36524444,-0.0046049485525455,10.2320222222,-0.00427898676842903
10.4318,-0.0048945171825455,10.2985777822,-0.00529922656842903
10.4319,-0.0052807060565455,10.2986777822,-0.00596523698742903
10.49845555,-0.0048929499365455,10.3652444422,-0.00632655232942903
10.49855555,-0.0044452632885455,10.3653444422,-0.00632864092742903
10.56512222,-0.0037559222505455,10.4319000022,-0.00596192555942903
10.56522222,-0.0011234348151455,10.4320000022,-0.00522230021342903
10.63177777,-0.000260215573635502,10.4985555522,-0.00428218137042903
10.63187777,0.000230949993254498,10.4986555522,-0.00308315219242903
10.69843333,0.0024450778864545,10.5652111122,-0.00177175510652903
10.69853333,0.0031202546534545,10.5653111122,-0.000380259965229029
10.76508888,0.0038921649214545,10.6318666622,0.000933234484570971
10.76518888,0.0041815036274545,10.6319666622,0.00221206210557097
10.83174444,0.0045276751314545,10.6985222222,0.00324220691257097
10.83184444,0.0045691770894545,10.6986222222,0.00408508156557097
10.8984,0.0045685219024545,10.7651888922,0.00454730569557097
10.8985,0.0043749726144545,10.7652888922,0.00474147317357097
10.93173333,0.0031195821994545,10.8318444422,0.00454637704057097
10.99838888,0.0025400944814545,10.8319444422,0.00399405142557097
10.99848888,-0.000549443302345502,10.8651666622,0.00315377892957097
11.06504444,-0.000163367392845502,10.9318333322,0.00204554324857097
11.06514444,-0.000935804904045502,10.9319333322,0.000822546294570971
11.13171111,-0.0019978245575455,10.9984888922,-0.000561166902929029
11.13181111,-0.0030564876415455,10.9985888922,-0.00196530523242903
11.19836666,-0.0037356878855455,11.0651444422,-0.00326484099842903
11.19846666,-0.0043149888745455,11.0652444422,-0.00438951820142903
11.26502222,-0.0044607608815455,11.1318000022,-0.00522747740742903
11.26512222,-0.0048995858815455,11.1319000022,-0.00585658417642903
11.33167777,-0.0045128902355455,11.1984555522,-0.00614182053242903
11.33177777,-0.0040278256435455,11.1985555522,-0.00607017863042903
11.39833333,-0.0036449766945455,11.2651222222,-0.00567843605842903
11.39843333,-0.0029233979515455,11.2652222222,-0.00493347506842903
11.46498888,-0.000165933916545502,11.3317777822,-0.00400388725842903
11.46508888,0.000703671172454498,11.3318777822,-0.00279106061442903
11.53165555,0.0015729829044545,11.3984333322,-0.00150267791312903
11.53175555,0.0020559896004545,11.3985333322,-0.000105505005429029
11.59831111,0.0027699756854545,11.4650888922,0.00120860376157097
11.59841111,0.0032131277874545,11.4651888922,0.00241099619857097
11.66496666,0.0033103154024545,11.5317444422,0.00333580328657097
11.66506666,0.0036004049034545,11.5318444422,0.00408208362157097
11.73162222,0.0036007291524545,11.5984000022,0.00454251379057097
11.73172222,0.0021549732804545,11.5985000022,0.00464214534557097
11.79827777,0.0015751023484545,11.6650666622,0.00436525511957097
11.79837777,0.0013806713734545,11.6651666622,0.00380118591557097
11.86493333,0.000511896269254498,11.7317222222,0.00297420397857097
11.86503333,-0.000356938424675502,11.7318222222,0.00184745142357097
11.89826666,-0.0026739264685455,11.7983777822,0.000642304110570971
11.96492222,-0.0041182972185455,11.7984777822,-0.000652580205629029
11.96502222,-0.0030691392085455,11.8317111122,-0.00196128050442903
12.03157777,-0.0038363458315455,11.8983666622,-0.00317679273342903
12.03167777,-0.0042187300715455,11.8984666622,-0.00428448992642903
12.09824444,-0.0045623095865455,11.9650222222,-0.00512227896042903
12.09834444,-0.0043183366065455,11.9651222222,-0.00560049808942903
12.1649,-0.0046060835185455,12.0316777822,-0.00586772010242903
12.165,-0.0040321097475455,12.0317777822,-0.00576761111842903
12.23155555,-0.0031568146885455,12.0983333322,-0.00530992139542903
12.23165555,-0.0025774787735455,12.0984333322,-0.00457035137942903
12.29821111,0.000125794031754498,12.1649888922,-0.00354939194442903
12.29831111,0.000994722076454498,12.1650888922,-0.00242674985042903
12.36486666,0.0017670871054545,12.2316555522,-0.00113219028032903
12.36496666,0.0025394645264545,12.2317555522,0.000177026270570971
12.43152222,0.0028204378474545,12.2983111122,0.00148231597757097
12.43162222,0.0025389326364545,12.2984111122,0.00259232227157097
12.49818888,0.0046537373114545,12.3649666622,0.00352968349957097
12.49828888,0.0046920049764545,12.3650666622,0.00417621042457097
12.56484444,0.0038170016784545,12.4316222222,0.00455260788357097
12.56494444,0.0035923841504545,12.4317222222,0.00464645851657097
12.6315,0.0030249748884545,12.4982777822,0.00436656947857097
12.6316,0.0016703401214545,12.4983777822,0.00379391923057097
12.69815555,0.000708114710454498,12.5649333322,0.00288144753757097
12.69825555,2.9262755154498e-05,12.5650333322,0.00185686763857097
12.76481111,-0.0010326653918455,12.6316000022,0.000641107932570971
12.76491111,-0.0019980582375455,12.6317000022,-0.000654745377429029
12.83146666,-0.0028196078675455,12.6982555522,-0.00187233238542903
12.83156666,-0.0034478405625455,12.6983555522,-0.00307550871142903
12.8648,-0.0039300586875455,12.7649111122,-0.00401305512542903
12.93145555,-0.0044124190595455,12.7650111122,-0.00475812012042903
12.93155555,-0.0046012620865455,12.7982333322,-0.00521952472742903
12.99811111,-0.0026770845895455,12.8649000022,-0.00539355174742903
12.99821111,-0.0033516798265455,12.8650000022,-0.00521788363642903
13.06477777,-0.0013236678805455,12.9315555522,-0.00475094294942903
13.06487777,-0.000553059462745502,12.9316555522,-0.00400343888142903
13.13143333,0.000317944637754498,12.9982111122,-0.00298035779542903
13.13153333,0.0011871809764545,12.9983111122,-0.00186311369042903
13.19808888,0.0020563040194545,13.0648666622,-0.000563597763529029
13.19818888,0.0025391799414545,13.0649666622,0.000732496200570971
13.26474444,0.0029254532284545,13.1315222222,0.00194249052257097
13.26484444,0.0043211450894545,13.1316222222,0.00297495455757097
13.3314,0.0036049902604545,13.1981888922,0.00380772950557097
13.3315,0.0036049286094545,13.1982888922,0.00446068890357097
13.39805555,0.0035083377174545,13.2648444422,0.00473545608857097
13.39815555,0.0034078119764545,13.2649444422,0.00473910202757097
13.46472222,0.0027334355664545,13.3315000022,0.00446029234057097
13.46482222,0.0011875947264545,13.3316000022,0.00380608416757097
13.53137777,0.000511886140154498,13.3981555522,0.00297102885157097
13.53147777,-0.000453471122945502,13.3982555522,0.00194807865857097
13.59803333,-0.0030600940185455,13.4648111122,0.000733624282570971
13.59813333,-0.0022877058875455,13.4649111122,-0.000465748290229029
13.66468888,-0.0032530960765455,13.5314666622,-0.00167802516582903
13.73134444,-0.0051606588315455,13.5315666622,-0.00280070649142903
13.73144444,-0.0051606588315455,13.5981333322,-0.00372341313742903
13.79801111,-0.0051606588315455,13.5982333322,-0.00437116981342903
13.79811111,-0.0029401174615455,13.6647888922,-0.00475608686642903
13.83133333,-0.0040046812945455,13.6648888922,-0.00484873742242903
13.89798888,-0.0034948738795455,13.7314444422,-0.00464972516342903
13.89808888,-0.0024449860755455,13.7315444422,-0.00410291141042903
13.96464444,0.000242711566354498,13.7647777822,-0.00335956747142903
13.96474444,0.0010226548314545,13.8314333322,-0.00233663167142903
14.03131111,0.000152202090254498,13.8315333322,-0.00122213220742903
14.03141111,0.000827036476454498,13.8980888922,-9.71590802902923e-06
14.09796666,0.0014056851244545,13.8981888922,0.00120978174457097
14.09806666,0.0017914062674545,13.9647444422,0.00232046805457097
14.16462222,0.0033358511194545,13.9648444422,0.00333850343457097
14.16472222,0.0033356366894545,14.0314000022,0.00409650409057097
14.23127777,0.0032389530024545,14.0315000022,0.00464239865557097
14.23137777,0.0028526965504545,14.0980555522,0.00491497449957097
14.29793333,0.0023675211144545,14.0981555522,0.00482972846057097
14.29803333,-0.000816056457145502,14.1647222222,0.00446304811957097
14.36458888,5.2671548354498e-05,14.1648222222,0.00390076026857097
14.36468888,-0.000816214509245502,14.2313777822,0.00297456445357097
14.43125555,-0.0016851034615455,14.2314777822,0.00195239623557097
14.43135555,-0.0024574491465455,14.2980333322,0.000818660370570971
14.49791111,-0.0051606590635455,14.2981333322,-0.000379949169029029
14.49801111,-0.0044848563885455,14.3646888922,-0.00150092400012903
14.56456666,-0.0046815515105455,14.3647888922,-0.00252848566242903
14.56466666,-0.0045659239365455,14.4313444422,-0.00336779981142903
14.63122222,-0.0042985384605455,14.4314444422,-0.00399848943442903
14.63132222,-0.0038089276175455,14.4980111122,-0.00430476273842903
14.69787777,-0.0031375650595455,14.4981111122,-0.00429811523742903
14.69797777,-0.0022637710405455,14.5646666622,-0.00409299692642903
14.76454444,-0.000139994837145502,14.5647666622,-0.00354220735242903
14.76464444,0.000728773328454498,14.6313222222,-0.00270895545042903
14.79786666,0.0015010366724545,14.6314222222,-0.00177549048172903
14.86452222,0.0022733395134545,14.6979777822,-0.000659385281029029
14.86462222,0.0029490930644545,14.6980777822,0.000542127844570971
14.93117777,0.0039119272904545,14.7313111122,0.00166571154057097
14.93127777,0.0035282968034545,14.7979666622,0.00278465612757097
14.99784444,0.0036248265454545,14.7980666622,0.00371029169957097
14.99794444,0.0035282295834545,14.8646222222,0.00436797747857097
15.0645,0.0032385999064545,14.8647222222,0.00483326801957097
15.0646,0.0027558838404545,14.9312777822,0.00501947930657097
15.13115555,0.0022731677844545,14.9313777822,0.00491567199057097
15.13125555,0.000149218808254498,14.9979333322,0.00455476077757097
15.19781111,0.000825018209454498,14.9980333322,0.00389770898357097
15.19791111,-0.0012023875164455,15.0645888922,0.00299158315157097
15.26446666,-0.0019747331325455,15.0646888922,0.00194657894257097
15.33113333,-0.0027393721385455,15.1312555522,0.000835424774570971
15.33123333,-0.0034982159805455,15.1313555522,-0.000301331938029029
15.39778888,-0.0035125592325455,15.1979111122,-0.00140421752912903
15.39788888,-0.0035988257315455,15.1980111122,-0.00233220657742903
15.46444444,-0.0041913783285455,15.2645666622,-0.00316463516542903
15.46454444,-0.0024400623645455,15.2646666622,-0.00365204434742903
15.5311,-0.0022555486835455,15.3312222222,-0.00392668766042903
15.5312,-0.0013877636285455,15.3313222222,-0.00391414274542903
15.59775555,-0.000513488846145502,15.3978777822,-0.00362433092242903
15.59785555,0.000290434431454498,15.3979777822,-0.00308059061542903
15.66441111,0.0012316508654545,15.4645333322,-0.00225220243542903
15.66451111,0.0017927764264545,15.4646333322,-0.00131472951012903
15.73107777,0.0025596357414545,15.5312000022,-0.000192051071429029
15.73117777,0.0029984731364545,15.5313000022,0.000920532596570971
15.7644,0.0033262586164545,15.5978555522,0.00203460297457097
15.83105555,0.0018703484804545,15.5979555522,0.00305570370757097
15.83115555,0.0016277966214545,15.6645111122,0.00389115907957097
15.89772222,0.0025716294854545,15.6646111122,0.00454092437557097
15.89782222,0.000915185450454498,15.6978444422,0.00491702498957097
15.96437777,0.0014808892664545,15.7645000022,0.00502306329457097
15.96447777,0.0011991666994545,15.7646000022,0.00484606335057097
16.03103333,-0.000587117301245502,15.8311555522,0.00444649511957097
16.03113333,-0.0013594629175455,15.8312555522,0.00371526982357097
16.09778888,-0.0030084039935455,15.8978111122,0.00287104292557097
16.16434444,-0.0038810185315455,15.8979111122,0.00185226829857097
16.16444444,-0.0046521404585455,15.9644666622,0.000740991477570971
16.231,-0.0047479014495455,15.9645666622,-0.000374680327429029
16.2311,-0.0047473875775455,16.0311222222,-0.00140890144442903
16.29766666,-0.0043608641905455,16.0312222222,-0.00232653162942903
16.29776666,-0.0033953205075455,16.0977888922,-0.00305733161142903
16.36432222,-0.0024344581535455,16.0978888922,-0.00353339178942903
16.36442222,-0.0015638730135455,16.1644444422,-0.00373505012942903
16.43097777,-0.000690956993645502,16.1645444422,-0.00365593404342903
16.43107777,-1.5271171045502e-05,16.2311000022,-0.00327592800642903
16.49763333,0.000756990545454498,16.2312000022,-0.00271349300842903
16.49773333,0.0011971350064545,16.2977555522,-0.00188068517242903
16.56428888,0.0025556322464545,16.2978555522,-0.000944706839529029
16.56438888,0.0029663697674545,16.3644111122,9.47247554709707e-05
16.63094444,0.0031062631324545,16.3645111122,0.00119664770957097
16.63104444,0.0030882044704545,16.4310777822,0.00221534871757097
16.69761111,0.0028889554934545,16.4311777822,0.00315512863357097
16.69771111,0.0025788569464545,16.4977333322,0.00390728807357097
16.73093333,0.0020192053774545,16.4978333322,0.00446749681357097
16.79758888,0.0015218811494545,16.5643888922,0.00481567799157097
16.79768888,0.000748318252454498,16.5644888922,0.00483731950057097
16.86425555,-0.0012606857116455,16.6310444422,0.00462865437857097
16.86435555,-0.0020397682235455,16.6311444422,0.00417723929757097
16.93101111,-0.0024703402845455,16.6643777822,0.00344550923057097
16.99756666,-0.0034533268235455,16.7310333322,0.00258966052857097
16.99766666,-0.0036035786785455,16.7311333322,0.00156631715357097
17.06422222,-0.0036145173735455,16.7976888922,0.000481707769570971
17.06432222,-0.0027933791495455,16.7977888922,-0.000576416091529029
17.13087777,-0.0040130030375455,16.8643444422,-0.00158321865582903
17.13097777,-0.0019955934135455,16.8644444422,-0.00242251994542903
17.19753333,-0.0013227121275455,16.9310000022,-0.00307076781042903
17.19763333,-0.000735757628445502,16.9311000022,-0.00346253697242903
17.2642,7.38839085449801e-06,16.9976666622,-0.00362098776242903
17.2643,0.000889363517454498,16.9977666622,-0.00345838907242903
17.33085555,0.0014030456194545,17.0643222222,-0.00308303980642903
17.33095555,0.0020672962604545,17.0644222222,-0.00251280123742903
17.39751111,0.0022766470834545,17.1309777822,-0.00168148025812903
17.39761111,0.0026449734224545,17.1310777822,-0.000761242440099029
17.46416666,0.0026454933824545,17.1976333322,0.000261541039570971
17.46426666,0.0026457864564545,17.1977333322,0.00129707174657097
17.53082222,0.0023682781544545,17.2642888922,0.00224233694957097
17.53092222,0.0022037203984545,17.2643888922,0.00313483506657097
17.59747777,0.0015644012934545,17.3309444422,0.00380438308657097
17.59757777,0.000820447747454498,17.3310444422,0.00428381397157097
17.66414444,0.000212240306154498,17.3976111122,0.00454950836457097
17.66424444,-0.000529209677445502,17.3977111122,0.00454225784457097
17.69746666,-0.0013059521720455,17.4642666622,0.00426140307857097
17.76412222,-0.0018005098795455,17.4643666622,0.00372386787057097
17.76422222,-0.0022810266605455,17.5309222222,0.00304798746057097
17.83078888,-0.0027624284305455,17.5310222222,0.00213560185257097
17.83088888,-0.0029547146675455,17.5975777822,0.00112115192957097
17.89744444,-0.0029541955105455,17.5976777822,8.60245744709708e-05
17.89754444,-0.0028050981335455,17.6309111122,-0.000938155903399029
17.9641,-0.0021802739615455,17.6975666622,-0.00186626737042903
17.9642,-0.0028542295145455,17.6976666622,-0.00261241973742903
18.03075555,-0.0021791848035455,17.7642222222,-0.00317807165442903
18.03085555,-0.0014073502025455,17.7643222222,-0.00353589887442903
18.09741111,-0.000635312145245502,17.8308777822,-0.00362789671542903
18.09751111,4.0289805054498e-05,17.8309777822,-0.00345191300142903
18.16406666,0.000619403917954498,17.8975333322,-0.00307691253342903
18.16416666,0.0011985512034545,17.8976333322,-0.00242051796242903
18.23073333,0.0014881207944545,17.9642000022,-0.00166268407102903
18.23083333,0.0027431292534545,17.9643000022,-0.000748779242909029
18.29738888,0.0029338481964545,18.0308555522,0.000264144208570971
18.29748888,0.0015845537214545,18.0309555522,0.00120348453557097
18.36404444,0.0022603275404545,18.0975111122,0.00213698978457097
18.36414444,0.0019706714974545,18.0976111122,0.00296266044657097
18.4307,0.0012948445944545,18.1641666622,0.00360618261357097
18.4308,0.000619042180654498,18.1642666622,0.00400158095457097
18.49735555,3.9782968554498e-05,18.2308222222,0.00418164460557097
18.49745555,-0.000732562647745502,18.2309222222,0.00410032998157097
18.56402222,-0.0015049082635455,18.2974777822,0.00380749689557097
18.56412222,-0.0020841674765455,18.2975777822,0.00324612931257097
18.63067777,-0.0025668834865455,18.3641444422,0.00250335106357097
18.63077777,-0.0042573197165455,18.3642444422,0.00158978653557097
18.664,-0.0030508233725455,18.4308000022,0.000647182201570971
18.73065555,-0.0031470191655455,18.4309000022,-0.000383265918329029
18.73075555,-0.0023798691585455,18.4974555522,-0.00131257762372903
18.79732222,-0.0037258315645455,18.4975555522,-0.00214627828742903
18.79742222,-0.0030100939575455,18.5641111122,-0.00288924309842903
18.86397777,-0.0023497923305455,18.5642111122,-0.00336191866442903
18.86407777,-0.0016054024665455,18.5974444422,-0.00363428795542903
18.93063333,-0.000928282585845502,18.6641000022,-0.00364834622742903
18.93073333,-0.000155111226045502,18.6642000022,-0.00344774741942903
18.99728888,0.000424731899754498,18.7307555522,-0.00299283801242903
18.99738888,0.000811252115454498,18.7308555522,-0.00234012616942903
19.06394444,0.0011976645044545,18.7974111122,-0.00159223617122903
19.06404444,0.0023965512414545,18.7975111122,-0.000665151816929029
19.13061111,0.0023780485604545,18.8640666622,0.000273612379570971
19.13071111,0.0021588761444545,18.8641666622,0.00120483264557097
19.19726666,0.000909784237454498,18.9307333322,0.00204285837757097
19.19736666,0.0016713864854545,18.9308333322,0.00278695115357097
19.26392222,0.0011007235444545,18.9973888922,0.00334509507157097
19.26402222,0.000521773085654498,18.9974888922,0.00370712404257097
19.33057777,-0.000153810117745502,19.0640444422,0.00380573777257097
19.33067777,-0.000543025951245502,19.0641444422,0.00371586382457097
19.39723333,-0.0014088697325455,19.1307000022,0.00334031540357097
19.39733333,-0.0017989852585455,19.1308000022,0.00277641344557097
19.46388888,-0.0022770470465455,19.1973555522,0.00204134149157097
19.46398888,-0.0023732587215455,19.1974555522,0.00111200290057097
19.53055555,-0.0025667739015455,19.2640222222,0.000175683383570971
19.53065555,-0.0021806211045455,19.2641222222,-0.000751845799259029
19.59721111,-0.0017019666725455,19.3306777822,-0.00168594906992903
19.59731111,-0.0025668249315455,19.3307777822,-0.00250831172342903
19.63053333,-0.0018929526695455,19.3973333322,-0.00308954365142903
19.69718888,-0.0012152433554455,19.3974333322,-0.00353803862342903
19.69728888,-0.000587499653945502,19.4639888922,-0.00373498142442903
19.76385555,-5.5380461945502e-05,19.4640888922,-0.00371950686942903
19.76395555,0.0014375295044545,19.5306444422,-0.00344836079642903
19.83051111,0.0018709655874545,19.5307444422,-0.00297992203042903
19.83061111,0.0022535360954545,19.5639777822,-0.00232928786842903
19.89716666,0.0023554579554545,19.6306333322,-0.00151152302822903
19.89726666,0.0025489872674545,19.6307333322,-0.000662210757129029
19.96382222,0.0023561467064545,19.6972888922,0.000265091461570971
19.96392222,0.0023563240974545,19.6973888922,0.00119695903057097
20.03047777,0.0018737711374545,19.7639444422,0.00195491625157097
20.03057777,0.0014876958804545,19.7640444422,0.00260034904657097
20.09714444,0.0010049919324545,19.8306111122,0.00314980694257097
20.09724444,0.000468641947854498,19.8307111122,0.00343282496457097
20.1638,-6.2473946945502e-05,19.8972666622,0.00343671942857097
20.1639,-0.000640881228245502,19.8973666622,0.00325595209157097
20.23045555,-0.0027569203415455,19.9639222222,0.00287916434057097
20.23055555,-0.0032891326855455,19.9640222222,0.00230734656857097
20.29711111,-0.0022931815215455,20.0305777822,0.00157088388457097
20.29721111,-0.0023581503515455,20.0306777822,0.000726473213570971
20.36376666,-0.0020913826265455,20.0972333322,-0.000199322192529029
20.36386666,-0.0039065004885455,20.0973333322,-0.00112424543302903
20.43042222,-0.0033595669735455,20.1638888922,-0.00196489107342903
20.43052222,-0.0013830771945455,20.1639888922,-0.00270386153042903
20.49708888,-0.0024810480295455,20.2305555522,-0.00326201378042903
20.49718888,-0.0019891588275455,20.2306555522,-0.00363246005042903
20.56374444,-0.0013178406137455,20.2972111122,-0.00381345546842903
20.56384444,0.000859069269454498,20.2973111122,-0.00372945306042903
20.59706666,-0.000173074797745502,20.3638666622,-0.00344299578042903
20.66373333,0.0016918387434545,20.3639666622,-0.00289905322642903
20.66383333,0.0018800272514545,20.4305222222,-0.00224149503642903
20.73038888,0.0019741400904545,20.4306222222,-0.00140445629932903
20.73048888,0.0016831936624545,20.4971777822,-0.000568667820229029
20.79704444,0.0015858616164545,20.4972777822,0.000360100790570971
20.79714444,0.0015854254944545,20.5305111122,0.00120374088057097
20.8637,0.0011024087194545,20.5971666622,0.00193582527857097
20.8638,0.000522922457554498,20.5972666622,0.00250251210557097
20.93035555,-5.5370954345502e-05,20.6638222222,0.00297405862857097
20.93045555,-0.000635704081745502,20.6639222222,0.00315977858457097
20.99701111,-0.0013114879405455,20.7304777822,0.00315481480857097
20.99711111,-0.0018908647665455,20.7305777822,0.00297525557957097
21.06367777,-0.0024701277985455,20.7971333322,0.00251001979457097
21.06377777,-0.0024701536945455,20.7972333322,0.00194747272257097
21.13033333,-0.0031460317865455,20.8638000022,0.00119950635957097
21.13043333,-0.0030978529725455,20.8639000022,0.000362600638570971
21.19698888,-0.0030785121205455,20.9304555522,-0.000567683549329029
21.19708888,-0.0024884577095455,20.9305555522,-0.00139941152922903
21.26364444,-0.0024641170875455,20.9971111122,-0.00215700158442903
21.26374444,-0.0014044687285455,20.9972111122,-0.00279760121642903
21.3303,-0.000826525955245502,21.0637666622,-0.00327320893042903
21.3304,-0.000248087201705502,21.0638666622,-0.00362714709142903
21.39695555,-0.0015001761695455,21.1304222222,-0.00364806989942903
21.39705555,-0.000955884495845502,21.1305222222,-0.00354825338642903
21.46362222,-0.000356248098545502,21.1970888922,-0.00318136233242903
21.46372222,0.000133884767854498,21.1971888922,-0.00261665626142903
21.53027777,0.0015432866674545,21.2637444422,-0.00196837929142903
21.53037777,0.0027181705934545,21.2638444422,-0.00120298266572903
21.5636,0.0017512788064545,21.3304000022,-0.000368114353229029
21.63026666,0.0015817496774545,21.3305000022,0.000470214008570971
21.63036666,0.0022404268204545,21.3970555522,0.00128818765757097
21.69692222,0.0015768500744545,21.3971555522,0.00194545681157097
21.69702222,0.0013838487604545,21.4637111122,0.00250319404957097
21.76357777,0.000701664932454498,21.4638111122,0.00287442072857097
21.76367777,-1.9664562345502e-05,21.4970444422,0.00305535171957097
21.83023333,-0.000233799174225502,21.5637000022,0.00305242404457097
21.83033333,-0.000837539165545502,21.5638000022,0.00278498686257097
21.89688888,-0.0021839395135455,21.6303555522,0.00232605059757097
21.89698888,-0.0023752873555455,21.6304555522,0.00166529028657097
21.96354444,-0.0025290924035455,21.6970111122,0.000926319582570971
21.96364444,-0.0026663822895455,21.6971111122,0.000182575755570971
22.03021111,-0.0026653752035455,21.7636777822,-0.000657341132429029
22.03031111,-0.0022785967415455,21.7637777822,-0.00149383581382903
22.09686666,-0.0020859253435455,21.8303333322,-0.00215957819342903
22.09696666,-0.0016989813015455,21.8304333322,-0.00279770105442903
22.16352222,-0.0012158774880455,21.8969888922,-0.00317417070142903
22.16362222,-0.000732910139545502,21.8970888922,-0.00344687872442903
22.23017777,-0.000153746749945502,21.9636444422,-0.00345532603342903
22.23027777,0.000518655727354498,21.9637444422,-0.00326571174242903
22.29683333,0.000714454273454498,22.0303000022,-0.00289276514042903
22.29693333,0.0019642900024545,22.0304000022,-0.00233512714342903
22.36348888,0.0021247095194545,22.0969555522,-0.00168550961542903
22.36358888,0.0019870819694545,22.0970555522,-0.000853545243129029
22.43015555,0.0019728430594545,22.1636222222,-9.33194639290292e-05
22.43025555,0.0018727366734545,22.1637222222,0.000742033135570971
22.49681111,0.0016724706774545,22.2302777822,0.00147252295557097
22.49691111,-0.000256603435685502,22.2303777822,0.00212463753657097
22.53013333,-0.000737530821845502,22.2969333322,0.00260319852957097
22.5968,-0.0013076556178455,22.2970333322,0.00296954592857097
22.5969,-0.0018745551715455,22.3635888922,0.00305553869257097
22.66345555,-0.0023751963615455,22.3636888922,0.00297468821457097
22.66355555,-0.0016517777825455,22.4302444422,0.00268779543657097
22.73011111,-0.0033613230935455,22.4303444422,0.00221641456457097
22.73021111,-0.0035331968855455,22.4635777822,0.00157878793157097
22.79676666,-0.0034538858255455,22.5302333322,0.000840881792570971
22.79686666,-0.0035379000195455,22.5303333322,8.66873519709708e-05
22.86342222,-0.0034469462745455,22.5968888922,-0.000750625867369029
22.86352222,-0.0033392807415455,22.5969888922,-0.00149788635732903
22.93007777,-0.0028905616405455,22.6635444422,-0.00215285339042903
22.93017777,-0.0023868165295455,22.6636444422,-0.00269544816842903
22.99674444,-0.0019008728675455,22.7302111122,-0.00299541188242903
22.99684444,-0.0014140949775455,22.7303111122,-0.00316798616442903
23.0634,-0.000929150621245502,22.7968666622,-0.00316988191142903
23.0635,-0.000541791456445502,22.7969666622,-0.00289588151042903
23.13005555,-0.000316634189447502,22.8635222222,-0.00252059871342903
23.13015555,-0.000149650331345502,22.8636222222,-0.00195466224842903
23.19671111,0.000809457489454498,22.9301777822,-0.00122176407482903
23.19681111,0.000809833006454498,22.9302777822,-0.000468044745729029
23.26336666,0.000713137997454498,22.9968333322,0.000266507127570971
23.26346666,0.000618183169854498,22.9969333322,0.00102057396857097
23.33003333,0.000425029419554498,23.0634888922,0.00176115622957097
23.33013333,3.9147896854498e-05,23.0635888922,0.00231460885257097
23.39668888,-0.000443356102745502,23.1301555522,0.00278218973457097
23.39678888,-0.000732848100545502,23.1302555522,0.00305008190457097
23.46334444,-0.0012154658757455,23.1968111122,0.00306292439457097
23.46344444,-0.0013640105535455,23.1969111122,0.00296966465157097
23.49666666,-0.0017989577815455,23.2634666622,0.00259753963557097
23.56333333,-0.0019508854435455,23.2635666622,0.00213568533357097
